[ 0.41867498 -0.23192599  0.15336509]
[ 0.33817324 -0.26330495  0.15277085]
[ 0.25115359 -0.2775478   0.15196778]
[ 0.19899728 -0.27609523  0.15000692]
[ 0.23912711 -0.24966392  0.14710129]
[ 0.3025271  -0.18967355  0.14974106]
[ 0.35114434 -0.1172676   0.16238849]
[ 0.36980623 -0.07566485  0.17285903]
[ 0.38799409 -0.01097221  0.19296117]
[0.39370469 0.07258921 0.22533933]
[0.38043677 0.15133771 0.26278799]
[0.38406822 0.17541187 0.27102601]
[0.42427906 0.23653752 0.27054124]
[0.45759654 0.27156041 0.2914996 ]
[0.46996951 0.27469167 0.30050541]
[0.48626076 0.27400559 0.30132419]
[0.50980434 0.27311292 0.30138647]
[0.53387185 0.27326957 0.30069279]
[0.55137389 0.27466038 0.30000797]
[0.56844773 0.25659977 0.28136798]
[0.61888848 0.19105682 0.24053857]
[0.63725611 0.18665484 0.2602278 ]
[0.64324283 0.20162954 0.28696749]
[0.65710069 0.02952977 0.22766094]
[ 0.64969647 -0.02941632  0.22588229]
[ 0.6419715  -0.06602072  0.244972  ]
