[ 0.25917982 -0.05959505  0.16489952]
[ 0.2708723  -0.14054843  0.19586421]
[ 0.23680761 -0.232929    0.18168881]
[ 0.19905573 -0.27606072  0.1499343 ]
[ 0.21817789 -0.30932113  0.21886971]
[ 0.2581625  -0.32031227  0.29175424]
[ 0.27275416 -0.31763374  0.30100072]
[ 0.32602199 -0.30031058  0.29883183]
[ 0.37399266 -0.27655999  0.27135389]
[ 0.39781127 -0.27344602  0.27129366]
[ 0.42588785 -0.27161953  0.27624215]
[ 0.46389384 -0.27465958  0.29908411]
[ 0.48192462 -0.26236462  0.2896774 ]
[ 0.53237814 -0.23607318  0.27886216]
[ 0.55069444 -0.2524292   0.29168579]
[ 0.55407181 -0.27471834  0.29909013]
[ 0.58496281 -0.26265837  0.27308844]
[ 0.60199204 -0.2590423   0.27661342]
[ 0.614585   -0.25520208  0.28808077]
[ 0.61927617 -0.24463895  0.28116983]
[ 0.62753427 -0.22441329  0.2683905 ]
[ 0.63345901 -0.20843077  0.25877199]
[ 0.63893664 -0.19240242  0.24982115]
[ 0.64189573 -0.18303531  0.24497231]
[ 0.64191912 -0.182958    0.24493869]
