[ 0.2198708  -0.02958834  0.1187238 ]
[ 0.23344496 -0.14746561  0.1194315 ]
[ 0.20188346 -0.26918704  0.14716287]
[ 0.34148203 -0.10626701  0.1753054 ]
[0.36021257 0.09554579 0.24157498]
[0.37631104 0.22314052 0.28730286]
[0.42764595 0.28825499 0.27468447]
[0.44595134 0.28799648 0.27732561]
[0.47337319 0.2752291  0.29924567]
[0.48728217 0.26354319 0.26761269]
[0.51138744 0.23320156 0.2687033 ]
[0.54363919 0.17924834 0.26754732]
[ 0.57493197 -0.0235233   0.19960995]
[ 0.54965125 -0.16134918  0.15268989]
[ 0.54201671 -0.18294579  0.14504129]
