[ 0.24283236 -0.05387535  0.13176935]
[ 0.22664671 -0.22260152  0.15737798]
[ 0.18479686 -0.26322463  0.14852367]
[ 0.1963865  -0.3162925   0.15400211]
[ 0.29457528 -0.38157608  0.21900358]
[ 0.36353471 -0.33946578  0.26050962]
[ 0.37623792 -0.27527527  0.2741076 ]
[ 0.41900913 -0.28565583  0.27182762]
[ 0.4649474  -0.27505484  0.30502051]
[ 0.50888507 -0.27705531  0.26973359]
[ 0.56852041 -0.22872294  0.23826462]
[ 0.61527643 -0.20089169  0.23693338]
[ 0.63832215 -0.14534356  0.24303618]
[ 0.6420403  -0.06590114  0.24494009]
[ 0.6420403  -0.06590114  0.24494009]
