[ 0.24097137 -0.08283652  0.12357772]
[ 0.23291479 -0.20333328  0.13579779]
[ 0.19995885 -0.27648494  0.15087262]
[ 0.24373065 -0.28283395  0.22450487]
[ 0.26682602 -0.27330867  0.27393215]
[ 0.30117095 -0.24546514  0.32584244]
[ 0.3199851  -0.23818225  0.34397118]
[ 0.36804079 -0.22070631  0.35636413]
[ 0.41615979 -0.20621704  0.32098034]
[ 0.4168116  -0.20621531  0.3160935 ]
[ 0.41625529 -0.20628333  0.32106786]
[ 0.4750168  -0.20628242  0.33398338]
[ 0.52916164 -0.19461948  0.32114512]
[ 0.59906167 -0.17873541  0.33926741]
[ 0.64189088 -0.18308796  0.34496711]
