[ 0.2551372  -0.06015201  0.11993631]
[ 0.27150738 -0.17053488  0.11142462]
[ 0.22646213 -0.24898686  0.12362631]
[ 0.20088095 -0.27612257  0.15008172]
[ 0.28454201 -0.26909959  0.16727857]
[ 0.39468878 -0.19703879  0.21099985]
[ 0.43848362 -0.12147592  0.23662466]
[ 0.45579108 -0.01975945  0.25760839]
[0.4184875  0.11377178 0.2685357 ]
[0.37627504 0.16478401 0.26993554]
[0.40227704 0.19054033 0.29657289]
[0.4306644  0.21803549 0.30492918]
[0.45860914 0.25857394 0.30027923]
[0.46660005 0.27792012 0.29675686]
[0.49873653 0.30195367 0.26982289]
[0.52933739 0.29356858 0.28131465]
[0.55510698 0.27369198 0.30006539]
[0.57539178 0.25745821 0.29974492]
[0.6008204  0.23353828 0.29762906]
[0.62400372 0.20737262 0.29372128]
[0.6395652  0.18687532 0.28983831]
[0.65440137 0.13084191 0.2733537 ]
[ 0.66660308 -0.00836594  0.24863038]
[ 0.64294691 -0.17945141  0.24470084]
[ 0.64199894 -0.1829585   0.24489686]
