[ 0.20718935 -0.0006035   0.1212503 ]
[ 0.2435801  -0.27320648  0.24778485]
[ 0.22611055 -0.30827669  0.1434551 ]
[ 0.30062567 -0.32099872  0.2002326 ]
[ 0.30790398 -0.25860401  0.27906322]
[ 0.31245096 -0.23572151  0.27827638]
[ 0.36096909 -0.21495444  0.27539833]
[ 0.37422338 -0.20812298  0.28245015]
[ 0.37327057 -0.20786584  0.2998353 ]
[ 0.41926266 -0.19976056  0.29162063]
[ 0.45891505 -0.19379057  0.29675077]
[ 0.50263969 -0.13317295  0.19992563]
[ 0.525957   -0.13754652  0.17792104]
[ 0.54199908 -0.18307783  0.14493866]
[ 0.54199908 -0.18307783  0.14493866]
