[ 0.24488596 -0.13380691  0.13210142]
[ 0.21431216 -0.24950059  0.14588008]
[ 0.25985845 -0.24048118  0.16441152]
[ 0.37117029 -0.09578055  0.20550083]
[0.38503501 0.13612053 0.26243074]
[0.40168825 0.21242425 0.25862361]
[0.44297364 0.26752795 0.27513264]
[0.48406103 0.27308565 0.28690044]
[0.52226794 0.27106049 0.2811496 ]
[0.54310349 0.26952587 0.29101686]
[0.54162781 0.23200697 0.26575387]
[0.54259757 0.18340575 0.30900138]
[0.60878829 0.10783062 0.39389182]
[ 0.6482249  -0.09931515  0.3835036 ]
[ 0.64201558 -0.18295162  0.34492333]
