[ 0.21994938 -0.02287239  0.12244126]
[ 0.23649366 -0.06581353  0.12624896]
[ 0.24398018 -0.11440045  0.13086384]
[ 0.24104177 -0.16691342  0.13631993]
[ 0.22683038 -0.22053311  0.14256662]
[ 0.20370221 -0.26860909  0.14898717]
[ 0.20830923 -0.27574794  0.15441351]
[ 0.30983981 -0.25001453  0.21374221]
[ 0.33801158 -0.23420759  0.23515648]
[ 0.3761934  -0.20391059  0.26998061]
[ 0.38292016 -0.20328342  0.27233151]
[ 0.39926531 -0.20121078  0.2779442 ]
[ 0.4126437  -0.19899026  0.28248958]
[ 0.43226943 -0.19484579  0.2891592 ]
[ 0.45073846 -0.19014334  0.29542219]
[ 0.46121067 -0.18708026  0.29884806]
[ 0.46479789 -0.18588273  0.30010814]
[ 0.49228683 -0.16514677  0.28219902]
[ 0.51704374 -0.14730528  0.27350451]
[ 0.53539825 -0.13780022  0.27782346]
[ 0.55336504 -0.13776074  0.3000021 ]
[ 0.56040512 -0.13817055  0.28108336]
[ 0.57824486 -0.13886529  0.25105177]
[ 0.58322083 -0.13853027  0.24934685]
[ 0.6004694  -0.1332047   0.26297241]
[ 0.61301551 -0.12333954  0.28892749]
[ 0.6183187  -0.11436867  0.28214218]
[ 0.62663956 -0.09908456  0.27046441]
[ 0.63807732 -0.07510892  0.25207015]
[ 0.64190773 -0.06603661  0.24497109]
