[ 0.26038861 -0.02652438  0.12607671]
[ 0.29476675 -0.15812101  0.12577965]
[ 0.19904007 -0.27593901  0.14996789]
[ 0.37513116 -0.18919291  0.14318439]
[ 0.44648562 -0.08273524  0.19348224]
[0.38840611 0.14894041 0.26785367]
[0.40562738 0.2391499  0.25949309]
[0.46235866 0.27526839 0.29814977]
[0.46685382 0.2810055  0.28085544]
[0.47841348 0.27395215 0.29977362]
[0.59027468 0.21420095 0.27740413]
[0.64268584 0.20373504 0.28798665]
[0.65768064 0.05008169 0.24679633]
[ 0.64198823 -0.06597323  0.24500217]
[ 0.64198823 -0.06597323  0.24500217]
