[ 0.18780703 -0.14936844  0.0764499 ]
[ 0.18997571 -0.25486602  0.12545564]
[ 0.22528314 -0.29655575  0.20567254]
[ 0.30262057 -0.24664905  0.295255  ]
[ 0.30500718 -0.24870558  0.29021517]
[ 0.3105951  -0.25559045  0.2733634 ]
[ 0.32847745 -0.25258998  0.26332738]
[ 0.35040793 -0.24413853  0.26204455]
[ 0.38916889 -0.22333872  0.27571865]
[ 0.41813894 -0.20313794  0.29969778]
[ 0.41748864 -0.2060952   0.27639814]
[ 0.42847083 -0.20848552  0.29331965]
[ 0.52270172 -0.19869147  0.29551094]
[ 0.60094462 -0.18310021  0.27436059]
[ 0.64198244 -0.18307018  0.24505703]
