[ 0.25112255 -0.18048995  0.19344546]
[ 0.19900143 -0.27605125  0.14998867]
[ 0.28078225 -0.28589746  0.23190139]
[ 0.33786279 -0.27618806  0.34063412]
[ 0.35047812 -0.26949788  0.40699321]
[ 0.34230453 -0.27150343  0.49077758]
[ 0.34475809 -0.26521732  0.567063  ]
[ 0.3970003  -0.26605414  0.60290727]
[ 0.3291538  -0.2299987   0.72781359]
[ 0.41418174 -0.2931363   0.64882282]
[ 0.52224226 -0.26020716  0.53040037]
[ 0.54192573 -0.23367369  0.52837195]
[ 0.55511888 -0.24812397  0.29022172]
[ 0.54212301 -0.06647704  0.24472801]
[ 0.54197899 -0.06582566  0.24494537]
