0.35707542722443425
0.3344085959536522
0.32320905607668904
0.3328404280000426
0.3660366426477314
0.4093799692721774
0.41021216670439437
0.38417739803621725
0.35734263031714847
0.3486904555972812
0.31659815145582043
0.3001245385714594
0.2958403670366996
0.28882799913273954
0.2717503351673519
0.257674102944352
0.2399067229646333
0.21944093887855978
0.20725631621982984
0.19711622374459467
0.19619330472925958
0.19717118149265758
0.19714398736556996
0.19613951192225268
0.19439680832439868
0.18197974148231283
0.1661532342708387
0.1437685493100334
0.12896622876640268
0.11421647133805396
0.10899465259288371
0.05936640031267099
0.03596551157103851
0.0017649594090517243
6.290283618403643e-05
