0.34475572064071525
0.43025026171968256
0.49292727838477757
0.474572466418333
0.4281678107123442
0.3684539447076196
0.34359768463344526
0.30386966878786537
0.27948399100036253
0.2890955965292737
0.28723961440140283
0.25847828666594824
0.2390484507342957
0.20466557131583074
0.1904603801562963
0.16574826867312792
0.13955030162859342
0.12035593322496234
0.11447309720484504
0.08413101417180584
0.06234558502504324
0.053104595758752364
0.03167374217996509
0.00010794478079094174
0.00010794478079094174
