0.29292056166508457
0.37382637613780356
0.45405768560047144
0.4994147583362327
0.45345689809107836
0.3736459051748542
0.30667579517835397
0.2817573021323073
0.2650567860194889
0.2850334577576273
0.34053988909423977
0.3542398160955166
0.3736090385188394
0.3874453242194306
0.38567622954532355
0.3781942972681923
0.3683106013038763
0.3604125758188683
0.3567750875257371
0.3328711131887028
0.25813224405886936
0.2531577740473274
0.27090290792813687
0.09825787905513023
0.04198914298300692
4.500631511242997e-05
