0.4415963783106516
0.4225366682932241
0.41688061083789985
0.42750716737387484
0.4546854877774756
0.49231479725285643
0.4901915895728492
0.3810102210015384
0.34756243714431356
0.30049377749577477
0.29447599620376885
0.2797988653859135
0.2677614427305283
0.2500763574148684
0.2335271778485821
0.22415357407206363
0.22092841337176305
0.1833790674036767
0.15177984898993052
0.132652117289859
0.1266135496065062
0.11475330757066006
0.09700872271778763
0.09345868604407137
0.08102018242177747
0.07783025045361092
0.06542074397629014
0.04448558647511912
0.012179772697850333
0.00010339164908250594
