0.3568354658562898
0.3351161116092336
0.3230760177150169
0.3247887510922238
0.34209559455713695
0.37841004793911037
0.41125945417919163
0.4044361339320038
0.35265698791106487
0.3193258194554719
0.30452422823744685
0.24577319382571772
0.22948813543470373
0.22327077632027398
0.20362970446956463
0.1973581704544902
0.1871900327264636
0.16648141671190483
0.16297409373630092
0.1583263833135432
0.14878050895625716
0.13934265222644113
0.1298349947499033
0.11886108634485262
0.11251195930101789
0.11022582659026699
0.10633624618001006
0.1018347415810975
0.09905438097495592
0.09054946956237901
0.08064793013665077
0.06629325893642053
0.048699565804029496
0.031077586074000373
0.01770692969772857
0.009075021085270344
0.0005670274641497001
0.00013123531917894315
